                    2	0	ACT0	4	1	 048d
                    4	0	ACT1	4	1	 048d
                    6	0	RD0	4	1	 17
                    8	0	RD1	4	1	 17
                   10	0	PRE	4	1	 
                   12	0	ACT0	4	1	 048d
                   14	0	ACT1	4	1	 048d
                   16	0	RD0	4	1	 17
                   18	0	RD1	4	1	 17
                   20	0	PRE	4	1	 
                   22	0	ACT0	4	1	 048d
                   24	0	ACT1	4	1	 048d
                   26	0	RD0	4	1	 17
                   28	0	RD1	4	1	 17
                   30	0	PRE	4	1	 
                   32	0	ACT0	4	1	 048d
                   34	0	ACT1	4	1	 048d
                   36	0	RD0	4	1	 17
                   38	0	RD1	4	1	 17
                   40	0	PRE	4	1	 
                   42	0	ACT0	4	1	 048d
                   44	0	ACT1	4	1	 048d
                   46	0	RD0	4	1	 17
                   48	0	RD1	4	1	 17
                   50	0	PRE	4	1	 
                   52	0	ACT0	4	1	 048d
                   54	0	ACT1	4	1	 048d
                   56	0	RD0	4	1	 17
                   58	0	RD1	4	1	 17
                   60	0	PRE	4	1	 
                   62	0	ACT0	4	1	 048d
                   64	0	ACT1	4	1	 048d
                   66	0	RD0	4	1	 17
                   68	0	RD1	4	1	 17
                   70	0	PRE	4	1	 
                   72	0	ACT0	4	1	 048d
                   74	0	ACT1	4	1	 048d
                   76	0	RD0	4	1	 17
                   78	0	RD1	4	1	 17
                   80	0	PRE	4	1	 
                   82	0	ACT0	4	1	 048d
                   84	0	ACT1	4	1	 048d
                   86	0	RD0	4	1	 17
                   88	0	RD1	4	1	 17
                   90	0	PRE	4	1	 
                   92	0	ACT0	4	1	 048d
                   94	0	ACT1	4	1	 048d
                   96	0	RD0	4	1	 17
                   98	0	RD1	4	1	 17
                  100	0	PRE	4	1	 
                  102	0	ACT0	4	1	 048d
                  104	0	ACT1	4	1	 048d
                  106	0	RD0	4	1	 17
                  108	0	RD1	4	1	 17
                  110	0	PRE	4	1	 
                  112	0	ACT0	4	1	 048d
                  114	0	ACT1	4	1	 048d
                  116	0	RD0	4	1	 17
                  118	0	RD1	4	1	 17
                  120	0	PRE	4	1	 
                  122	0	ACT0	4	1	 048d
                  124	0	ACT1	4	1	 048d
                  126	0	RD0	4	1	 17
                  128	0	RD1	4	1	 17
                  130	0	PRE	4	1	 
                  132	0	ACT0	4	1	 048d
                  134	0	ACT1	4	1	 048d
                  136	0	RD0	4	1	 17
                  138	0	RD1	4	1	 17
                  140	0	PRE	4	1	 
                  142	0	ACT0	4	1	 048d
                  144	0	ACT1	4	1	 048d
                  146	0	RD0	4	1	 17
                  148	0	RD1	4	1	 17
                  150	0	PRE	4	1	 
                  152	0	ACT0	4	1	 048d
                  154	0	ACT1	4	1	 048d
                  156	0	RD0	4	1	 17
                  158	0	RD1	4	1	 17
                  160	0	PRE	4	1	 
                  162	0	ACT0	4	1	 048d
                  164	0	ACT1	4	1	 048d
                  166	0	RD0	4	1	 17
                  168	0	RD1	4	1	 17
                  170	0	PRE	4	1	 
                  172	0	ACT0	4	1	 048d
                  174	0	ACT1	4	1	 048d
                  176	0	RD0	4	1	 17
                  178	0	RD1	4	1	 17
                  180	0	PRE	4	1	 
                  182	0	ACT0	4	1	 048d
                  184	0	ACT1	4	1	 048d
                  186	0	RD0	4	1	 17
                  188	0	RD1	4	1	 17
                  190	0	PRE	4	1	 
                  192	0	ACT0	4	1	 048d
                  194	0	ACT1	4	1	 048d
                  196	0	RD0	4	1	 17
                  198	0	RD1	4	1	 17
                  200	0	PRE	4	1	 
                  202	0	ACT0	4	1	 048d
                  204	0	ACT1	4	1	 048d
                  206	0	RD0	4	1	 17
                  208	0	RD1	4	1	 17
                  210	0	PRE	4	1	 
                  212	0	ACT0	4	1	 048d
                  214	0	ACT1	4	1	 048d
                  216	0	RD0	4	1	 17
                  218	0	RD1	4	1	 17
                  220	0	PRE	4	1	 
                  222	0	ACT0	4	1	 048d
                  224	0	ACT1	4	1	 048d
                  226	0	RD0	4	1	 17
                  228	0	RD1	4	1	 17
                  230	0	PRE	4	1	 
                  232	0	ACT0	4	1	 048d
                  234	0	ACT1	4	1	 048d
                  236	0	RD0	4	1	 17
                  238	0	RD1	4	1	 17
                  240	0	PRE	4	1	 
                  242	0	ACT0	4	1	 048d
                  244	0	ACT1	4	1	 048d
                  246	0	RD0	4	1	 17
                  248	0	RD1	4	1	 17
                  250	0	PRE	4	1	 
                  252	0	ACT0	4	1	 048d
                  254	0	ACT1	4	1	 048d
                  256	0	RD0	4	1	 17
                  258	0	RD1	4	1	 17
                  260	0	PRE	4	1	 
                  262	0	ACT0	4	1	 048d
                  264	0	ACT1	4	1	 048d
                  266	0	RD0	4	1	 17
                  268	0	RD1	4	1	 17
                  270	0	PRE	4	1	 
                  272	0	ACT0	4	1	 048d
                  274	0	ACT1	4	1	 048d
                  276	0	RD0	4	1	 17
                  278	0	RD1	4	1	 17
                  280	0	PRE	4	1	 
                  282	0	ACT0	4	1	 048d
                  284	0	ACT1	4	1	 048d
                  286	0	RD0	4	1	 17
                  288	0	RD1	4	1	 17
                  290	0	PRE	4	1	 
                  292	0	ACT0	4	1	 048d
                  294	0	ACT1	4	1	 048d
                  296	0	RD0	4	1	 17
                  298	0	RD1	4	1	 17
                  300	0	PRE	4	1	 
                  302	0	ACT0	4	1	 048d
                  304	0	ACT1	4	1	 048d
                  306	0	RD0	4	1	 17
                  308	0	RD1	4	1	 17
                  310	0	PRE	4	1	 
                  312	0	ACT0	4	1	 048d
                  314	0	ACT1	4	1	 048d
                  316	0	RD0	4	1	 17
                  318	0	RD1	4	1	 17
                  320	0	PRE	4	1	 
                  322	0	ACT0	4	1	 048d
                  324	0	ACT1	4	1	 048d
                  326	0	RD0	4	1	 17
                  328	0	RD1	4	1	 17
                  330	0	PRE	4	1	 
                  332	0	ACT0	4	1	 048d
                  334	0	ACT1	4	1	 048d
                  336	0	RD0	4	1	 17
                  338	0	RD1	4	1	 17
                  340	0	PRE	4	1	 
                  342	0	ACT0	4	1	 048d
                  344	0	ACT1	4	1	 048d
                  346	0	RD0	4	1	 17
                  348	0	RD1	4	1	 17
                  350	0	PRE	4	1	 
                  352	0	ACT0	4	1	 048d
                  354	0	ACT1	4	1	 048d
                  356	0	RD0	4	1	 17
                  358	0	RD1	4	1	 17
                  360	0	PRE	4	1	 
                  362	0	ACT0	4	1	 048d
                  364	0	ACT1	4	1	 048d
                  366	0	RD0	4	1	 17
                  368	0	RD1	4	1	 17
                  370	0	PRE	4	1	 
                  372	0	ACT0	4	1	 048d
                  374	0	ACT1	4	1	 048d
                  376	0	RD0	4	1	 17
                  378	0	RD1	4	1	 17
                  380	0	PRE	4	1	 
                  382	0	ACT0	4	1	 048d
                  384	0	ACT1	4	1	 048d
                  386	0	RD0	4	1	 17
                  388	0	RD1	4	1	 17
                  390	0	PRE	4	1	 
                  392	0	ACT0	4	1	 048d
                  394	0	ACT1	4	1	 048d
                  396	0	RD0	4	1	 17
                  398	0	RD1	4	1	 17
                  400	0	PRE	4	1	 
                  402	0	ACT0	4	1	 048d
                  404	0	ACT1	4	1	 048d
                  406	0	RD0	4	1	 17
                  408	0	RD1	4	1	 17
                  410	0	PRE	4	1	 
                  412	0	ACT0	4	1	 048d
                  414	0	ACT1	4	1	 048d
                  416	0	RD0	4	1	 17
                  418	0	RD1	4	1	 17
                  420	0	PRE	4	1	 
                  422	0	ACT0	4	1	 048d
                  424	0	ACT1	4	1	 048d
                  426	0	RD0	4	1	 17
                  428	0	RD1	4	1	 17
                  430	0	PRE	4	1	 
                  432	0	ACT0	4	1	 048d
                  434	0	ACT1	4	1	 048d
                  436	0	RD0	4	1	 17
                  438	0	RD1	4	1	 17
                  440	0	PRE	4	1	 
                  442	0	ACT0	4	1	 048d
                  444	0	ACT1	4	1	 048d
                  446	0	RD0	4	1	 17
                  448	0	RD1	4	1	 17
                  450	0	PRE	4	1	 
                  452	0	ACT0	4	1	 048d
                  454	0	ACT1	4	1	 048d
                  456	0	RD0	4	1	 17
                  458	0	RD1	4	1	 17
                  460	0	PRE	4	1	 
                  462	0	ACT0	4	1	 048d
                  464	0	ACT1	4	1	 048d
                  466	0	RD0	4	1	 17
                  468	0	RD1	4	1	 17
                  470	0	PRE	4	1	 
                  472	0	ACT0	4	1	 048d
                  474	0	ACT1	4	1	 048d
                  476	0	RD0	4	1	 17
                  478	0	RD1	4	1	 17
                  480	0	PRE	4	1	 
                  482	0	ACT0	4	1	 048d
                  484	0	ACT1	4	1	 048d
                  486	0	RD0	4	1	 17
                  488	0	RD1	4	1	 17
                  490	0	PRE	4	1	 
                  492	0	ACT0	4	1	 048d
                  494	0	ACT1	4	1	 048d
                  496	0	RD0	4	1	 17
                  498	0	RD1	4	1	 17
                  500	0	PRE	4	1	 
                  502	0	ACT0	4	1	 048d
                  504	0	ACT1	4	1	 048d
                  506	0	RD0	4	1	 17
                  508	0	RD1	4	1	 17
                  510	0	PRE	4	1	 
                  512	0	ACT0	4	1	 048d
                  514	0	ACT1	4	1	 048d
                  516	0	RD0	4	1	 17
                  518	0	RD1	4	1	 17
                  520	0	PRE	4	1	 
                  522	0	ACT0	4	1	 048d
                  524	0	ACT1	4	1	 048d
                  526	0	RD0	4	1	 17
                  528	0	RD1	4	1	 17
                  530	0	PRE	4	1	 
                  532	0	ACT0	4	1	 048d
                  534	0	ACT1	4	1	 048d
                  536	0	RD0	4	1	 17
                  538	0	RD1	4	1	 17
                  540	0	PRE	4	1	 
                  542	0	ACT0	4	1	 048d
                  544	0	ACT1	4	1	 048d
                  546	0	RD0	4	1	 17
                  548	0	RD1	4	1	 17
                  550	0	PRE	4	1	 
                  552	0	ACT0	4	1	 048d
                  554	0	ACT1	4	1	 048d
                  556	0	RD0	4	1	 17
                  558	0	RD1	4	1	 17
                  560	0	PRE	4	1	 
                  562	0	ACT0	4	1	 048d
                  564	0	ACT1	4	1	 048d
                  566	0	RD0	4	1	 17
                  568	0	RD1	4	1	 17
                  570	0	PRE	4	1	 
                  572	0	ACT0	4	1	 048d
                  574	0	ACT1	4	1	 048d
                  576	0	RD0	4	1	 17
                  578	0	RD1	4	1	 17
                  580	0	PRE	4	1	 
                  582	0	ACT0	4	1	 048d
                  584	0	ACT1	4	1	 048d
                  586	0	RD0	4	1	 17
                  588	0	RD1	4	1	 17
                  590	0	PRE	4	1	 
                  592	0	ACT0	4	1	 048d
                  594	0	ACT1	4	1	 048d
                  596	0	RD0	4	1	 17
                  598	0	RD1	4	1	 17
                  600	0	PRE	4	1	 
                  602	0	ACT0	4	1	 048d
                  604	0	ACT1	4	1	 048d
                  606	0	RD0	4	1	 17
                  608	0	RD1	4	1	 17
                  610	0	PRE	4	1	 
                  612	0	ACT0	4	1	 048d
                  614	0	ACT1	4	1	 048d
                  616	0	RD0	4	1	 17
                  618	0	RD1	4	1	 17
                  620	0	PRE	4	1	 
                  622	0	ACT0	4	1	 048d
                  624	0	ACT1	4	1	 048d
                  626	0	RD0	4	1	 17
                  628	0	RD1	4	1	 17
                  630	0	PRE	4	1	 
                  632	0	ACT0	4	1	 048d
                  634	0	ACT1	4	1	 048d
                  636	0	RD0	4	1	 17
                  638	0	RD1	4	1	 17
                  640	0	PRE	4	1	 
                  642	0	ACT0	4	1	 048d
                  644	0	ACT1	4	1	 048d
                  646	0	RD0	4	1	 17
                  648	0	RD1	4	1	 17
                  650	0	PRE	4	1	 
                  652	0	ACT0	4	1	 048d
                  654	0	ACT1	4	1	 048d
                  656	0	RD0	4	1	 17
                  658	0	RD1	4	1	 17
                  660	0	PRE	4	1	 
                  662	0	ACT0	4	1	 048d
                  664	0	ACT1	4	1	 048d
                  666	0	RD0	4	1	 17
                  668	0	RD1	4	1	 17
                  670	0	PRE	4	1	 
                  672	0	ACT0	4	1	 048d
                  674	0	ACT1	4	1	 048d
                  676	0	RD0	4	1	 17
                  678	0	RD1	4	1	 17
                  680	0	PRE	4	1	 
                  682	0	ACT0	4	1	 048d
                  684	0	ACT1	4	1	 048d
                  686	0	RD0	4	1	 17
                  688	0	RD1	4	1	 17
                  690	0	PRE	4	1	 
                  692	0	ACT0	4	1	 048d
                  694	0	ACT1	4	1	 048d
                  696	0	RD0	4	1	 17
                  698	0	RD1	4	1	 17
                  700	0	PRE	4	1	 
                  702	0	ACT0	4	1	 048d
                  704	0	ACT1	4	1	 048d
                  706	0	RD0	4	1	 17
                  708	0	RD1	4	1	 17
                  710	0	PRE	4	1	 
                  712	0	ACT0	4	1	 048d
                  714	0	ACT1	4	1	 048d
                  716	0	RD0	4	1	 17
                  718	0	RD1	4	1	 17
                  720	0	PRE	4	1	 
                  722	0	ACT0	4	1	 048d
                  724	0	ACT1	4	1	 048d
                  726	0	RD0	4	1	 17
                  728	0	RD1	4	1	 17
                  730	0	PRE	4	1	 
                  732	0	ACT0	4	1	 048d
                  734	0	ACT1	4	1	 048d
                  736	0	RD0	4	1	 17
                  738	0	RD1	4	1	 17
                  740	0	PRE	4	1	 
                  742	0	ACT0	4	1	 048d
                  744	0	ACT1	4	1	 048d
                  746	0	RD0	4	1	 17
                  748	0	RD1	4	1	 17
                  750	0	PRE	4	1	 
                  752	0	ACT0	4	1	 048d
                  754	0	ACT1	4	1	 048d
                  756	0	RD0	4	1	 17
                  758	0	RD1	4	1	 17
                  760	0	PRE	4	1	 
                  762	0	ACT0	4	1	 048d
                  764	0	ACT1	4	1	 048d
                  766	0	RD0	4	1	 17
                  768	0	RD1	4	1	 17
                  770	0	PRE	4	1	 
                  772	0	ACT0	4	1	 048d
                  774	0	ACT1	4	1	 048d
                  776	0	RD0	4	1	 17
                  778	0	RD1	4	1	 17
                  780	0	PRE	4	1	 
                  782	0	ACT0	4	1	 048d
                  784	0	ACT1	4	1	 048d
                  786	0	RD0	4	1	 17
                  788	0	RD1	4	1	 17
                  790	0	PRE	4	1	 
                  792	0	ACT0	4	1	 048d
                  794	0	ACT1	4	1	 048d
                  796	0	RD0	4	1	 17
                  798	0	RD1	4	1	 17
                  800	0	PRE	4	1	 
                  802	0	ACT0	4	1	 048d
                  804	0	ACT1	4	1	 048d
                  806	0	RD0	4	1	 17
                  808	0	RD1	4	1	 17
                  810	0	PRE	4	1	 
                  812	0	ACT0	4	1	 048d
                  814	0	ACT1	4	1	 048d
                  816	0	RD0	4	1	 17
                  818	0	RD1	4	1	 17
                  820	0	PRE	4	1	 
                  822	0	ACT0	4	1	 048d
                  824	0	ACT1	4	1	 048d
                  826	0	RD0	4	1	 17
                  828	0	RD1	4	1	 17
                  830	0	PRE	4	1	 
                  832	0	ACT0	4	1	 048d
                  834	0	ACT1	4	1	 048d
                  836	0	RD0	4	1	 17
                  838	0	RD1	4	1	 17
                  840	0	PRE	4	1	 
                  842	0	ACT0	4	1	 048d
                  844	0	ACT1	4	1	 048d
                  846	0	RD0	4	1	 17
                  848	0	RD1	4	1	 17
                  850	0	PRE	4	1	 
                  852	0	ACT0	4	1	 048d
                  854	0	ACT1	4	1	 048d
                  856	0	RD0	4	1	 17
                  858	0	RD1	4	1	 17
                  860	0	PRE	4	1	 
                  862	0	ACT0	4	1	 048d
                  864	0	ACT1	4	1	 048d
                  866	0	RD0	4	1	 17
                  868	0	RD1	4	1	 17
                  870	0	PRE	4	1	 
                  872	0	ACT0	4	1	 048d
                  874	0	ACT1	4	1	 048d
                  876	0	RD0	4	1	 17
                  878	0	RD1	4	1	 17
                  880	0	PRE	4	1	 
                  882	0	ACT0	4	1	 048d
                  884	0	ACT1	4	1	 048d
                  886	0	RD0	4	1	 17
                  888	0	RD1	4	1	 17
                  890	0	PRE	4	1	 
                  892	0	ACT0	4	1	 048d
                  894	0	ACT1	4	1	 048d
                  896	0	RD0	4	1	 17
                  898	0	RD1	4	1	 17
                  900	0	PRE	4	1	 
                  902	0	ACT0	4	1	 048d
                  904	0	ACT1	4	1	 048d
                  906	0	RD0	4	1	 17
                  908	0	RD1	4	1	 17
                  910	0	PRE	4	1	 
                  912	0	ACT0	4	1	 048d
                  914	0	ACT1	4	1	 048d
                  916	0	RD0	4	1	 17
                  918	0	RD1	4	1	 17
                  920	0	PRE	4	1	 
                  922	0	ACT0	4	1	 048d
                  924	0	ACT1	4	1	 048d
                  926	0	RD0	4	1	 17
                  928	0	RD1	4	1	 17
                  930	0	PRE	4	1	 
                  932	0	ACT0	4	1	 048d
                  934	0	ACT1	4	1	 048d
                  936	0	RD0	4	1	 17
                  938	0	RD1	4	1	 17
                  940	0	PRE	4	1	 
                  942	0	ACT0	4	1	 048d
                  944	0	ACT1	4	1	 048d
                  946	0	RD0	4	1	 17
                  948	0	RD1	4	1	 17
                  950	0	PRE	4	1	 
                  952	0	ACT0	4	1	 048d
                  954	0	ACT1	4	1	 048d
                  956	0	RD0	4	1	 17
                  958	0	RD1	4	1	 17
                  960	0	PRE	4	1	 
                  962	0	ACT0	4	1	 048d
                  964	0	ACT1	4	1	 048d
                  966	0	RD0	4	1	 17
                  968	0	RD1	4	1	 17
                  970	0	PRE	4	1	 
                  972	0	ACT0	4	1	 048d
                  974	0	ACT1	4	1	 048d
                  976	0	RD0	4	1	 17
                  978	0	RD1	4	1	 17
                  980	0	PRE	4	1	 
                  982	0	ACT0	4	1	 048d
                  984	0	ACT1	4	1	 048d
                  986	0	RD0	4	1	 17
                  988	0	RD1	4	1	 17
                  990	0	PRE	4	1	 
                  992	0	ACT0	4	1	 048d
                  994	0	ACT1	4	1	 048d
                  996	0	RD0	4	1	 17
                  998	0	RD1	4	1	 17
                 1000	0	PRE	4	1	 
                 1002	0	ACT0	4	1	 048d
                 1004	0	ACT1	4	1	 048d
                 1006	0	RD0	4	1	 17
                 1008	0	RD1	4	1	 17
                 1010	0	PRE	4	1	 
                 1012	0	ACT0	4	1	 048d
                 1014	0	ACT1	4	1	 048d
                 1016	0	RD0	4	1	 17
                 1018	0	RD1	4	1	 17
                 1020	0	PRE	4	1	 
                 1022	0	ACT0	4	1	 048d
                 1024	0	ACT1	4	1	 048d
                 1026	0	RD0	4	1	 17
                 1028	0	RD1	4	1	 17
                 1030	0	PRE	4	1	 
                 1032	0	ACT0	4	1	 048d
                 1034	0	ACT1	4	1	 048d
                 1036	0	RD0	4	1	 17
                 1038	0	RD1	4	1	 17
                 1040	0	PRE	4	1	 
                 1042	0	ACT0	4	1	 048d
                 1044	0	ACT1	4	1	 048d
                 1046	0	RD0	4	1	 17
                 1048	0	RD1	4	1	 17
                 1050	0	PRE	4	1	 
                 1052	0	ACT0	4	1	 048d
                 1054	0	ACT1	4	1	 048d
                 1056	0	RD0	4	1	 17
                 1058	0	RD1	4	1	 17
                 1060	0	PRE	4	1	 
                 1062	0	ACT0	4	1	 048d
                 1064	0	ACT1	4	1	 048d
                 1066	0	RD0	4	1	 17
                 1068	0	RD1	4	1	 17
                 1070	0	PRE	4	1	 
                 1072	0	ACT0	4	1	 048d
                 1074	0	ACT1	4	1	 048d
                 1076	0	RD0	4	1	 17
                 1078	0	RD1	4	1	 17
                 1080	0	PRE	4	1	 
                 1082	0	ACT0	4	1	 048d
                 1084	0	ACT1	4	1	 048d
                 1086	0	RD0	4	1	 17
                 1088	0	RD1	4	1	 17
                 1090	0	PRE	4	1	 
                 1092	0	ACT0	4	1	 048d
                 1094	0	ACT1	4	1	 048d
                 1096	0	RD0	4	1	 17
                 1098	0	RD1	4	1	 17
                 1100	0	PRE	4	1	 
                 1102	0	ACT0	4	1	 048d
                 1104	0	ACT1	4	1	 048d
                 1106	0	RD0	4	1	 17
                 1108	0	RD1	4	1	 17
                 1110	0	PRE	4	1	 
                 1112	0	ACT0	4	1	 048d
                 1114	0	ACT1	4	1	 048d
                 1116	0	RD0	4	1	 17
                 1118	0	RD1	4	1	 17
                 1120	0	PRE	4	1	 
                 1122	0	ACT0	4	1	 048d
                 1124	0	ACT1	4	1	 048d
                 1126	0	RD0	4	1	 17
                 1128	0	RD1	4	1	 17
                 1130	0	PRE	4	1	 
                 1132	0	ACT0	4	1	 048d
                 1134	0	ACT1	4	1	 048d
                 1136	0	RD0	4	1	 17
                 1138	0	RD1	4	1	 17
                 1140	0	PRE	4	1	 
                 1142	0	ACT0	4	1	 048d
                 1144	0	ACT1	4	1	 048d
                 1146	0	RD0	4	1	 17
                 1148	0	RD1	4	1	 17
                 1150	0	PRE	4	1	 
                 1152	0	ACT0	4	1	 048d
                 1154	0	ACT1	4	1	 048d
                 1156	0	RD0	4	1	 17
                 1158	0	RD1	4	1	 17
                 1160	0	PRE	4	1	 
                 1162	0	ACT0	4	1	 048d
                 1164	0	ACT1	4	1	 048d
                 1166	0	RD0	4	1	 17
                 1168	0	RD1	4	1	 17
                 1170	0	PRE	4	1	 
                 1172	0	ACT0	4	1	 048d
                 1174	0	ACT1	4	1	 048d
                 1176	0	RD0	4	1	 17
                 1178	0	RD1	4	1	 17
                 1180	0	PRE	4	1	 
                 1182	0	ACT0	4	1	 048d
                 1184	0	ACT1	4	1	 048d
                 1186	0	RD0	4	1	 17
                 1188	0	RD1	4	1	 17
                 1190	0	PRE	4	1	 
                 1192	0	ACT0	4	1	 048d
                 1194	0	ACT1	4	1	 048d
                 1196	0	RD0	4	1	 17
                 1198	0	RD1	4	1	 17
                 1200	0	PRE	4	1	 
                 1202	0	ACT0	4	1	 048d
                 1204	0	ACT1	4	1	 048d
                 1206	0	RD0	4	1	 17
                 1208	0	RD1	4	1	 17
                 1210	0	PRE	4	1	 
                 1212	0	ACT0	4	1	 048d
                 1214	0	ACT1	4	1	 048d
                 1216	0	RD0	4	1	 17
                 1218	0	RD1	4	1	 17
                 1220	0	PRE	4	1	 
                 1222	0	ACT0	4	1	 048d
                 1224	0	ACT1	4	1	 048d
                 1226	0	RD0	4	1	 17
                 1228	0	RD1	4	1	 17
                 1230	0	PRE	4	1	 
                 1232	0	ACT0	4	1	 048d
                 1234	0	ACT1	4	1	 048d
                 1236	0	RD0	4	1	 17
                 1238	0	RD1	4	1	 17
                 1240	0	PRE	4	1	 
                 1242	0	ACT0	4	1	 048d
                 1244	0	ACT1	4	1	 048d
                 1246	0	RD0	4	1	 17
                 1248	0	RD1	4	1	 17
                 1250	0	PRE	4	1	 
                 1252	0	ACT0	4	1	 048d
                 1254	0	ACT1	4	1	 048d
                 1256	0	RD0	4	1	 17
                 1258	0	RD1	4	1	 17
                 1260	0	PRE	4	1	 
                 1262	0	ACT0	4	1	 048d
                 1264	0	ACT1	4	1	 048d
                 1266	0	RD0	4	1	 17
                 1268	0	RD1	4	1	 17
                 1270	0	PRE	4	1	 
                 1272	0	ACT0	4	1	 048d
                 1274	0	ACT1	4	1	 048d
                 1276	0	RD0	4	1	 17
                 1278	0	RD1	4	1	 17
                 1280	0	PRE	4	1	 
                 1282	0	ACT0	4	1	 048d
                 1284	0	ACT1	4	1	 048d
                 1286	0	RD0	4	1	 17
                 1288	0	RD1	4	1	 17
                 1290	0	PRE	4	1	 
                 1292	0	ACT0	4	1	 048d
                 1294	0	ACT1	4	1	 048d
                 1296	0	RD0	4	1	 17
                 1298	0	RD1	4	1	 17
                 1300	0	PRE	4	1	 
                 1302	0	ACT0	4	1	 048d
                 1304	0	ACT1	4	1	 048d
                 1306	0	RD0	4	1	 17
                 1308	0	RD1	4	1	 17
                 1310	0	PRE	4	1	 
                 1312	0	ACT0	4	1	 048d
                 1314	0	ACT1	4	1	 048d
                 1316	0	RD0	4	1	 17
                 1318	0	RD1	4	1	 17
                 1320	0	PRE	4	1	 
                 1322	0	ACT0	4	1	 048d
                 1324	0	ACT1	4	1	 048d
                 1326	0	RD0	4	1	 17
                 1328	0	RD1	4	1	 17
                 1330	0	PRE	4	1	 
                 1332	0	ACT0	4	1	 048d
                 1334	0	ACT1	4	1	 048d
                 1336	0	RD0	4	1	 17
                 1338	0	RD1	4	1	 17
                 1340	0	PRE	4	1	 
                 1342	0	ACT0	4	1	 048d
                 1344	0	ACT1	4	1	 048d
                 1346	0	RD0	4	1	 17
                 1348	0	RD1	4	1	 17
                 1350	0	PRE	4	1	 
                 1352	0	ACT0	4	1	 048d
                 1354	0	ACT1	4	1	 048d
                 1356	0	RD0	4	1	 17
                 1358	0	RD1	4	1	 17
                 1360	0	PRE	4	1	 
                 1362	0	ACT0	4	1	 048d
                 1364	0	ACT1	4	1	 048d
                 1366	0	RD0	4	1	 17
                 1368	0	RD1	4	1	 17
                 1370	0	PRE	4	1	 
                 1372	0	ACT0	4	1	 048d
                 1374	0	ACT1	4	1	 048d
                 1376	0	RD0	4	1	 17
                 1378	0	RD1	4	1	 17
                 1380	0	PRE	4	1	 
                 1382	0	ACT0	4	1	 048d
                 1384	0	ACT1	4	1	 048d
                 1386	0	RD0	4	1	 17
                 1388	0	RD1	4	1	 17
                 1390	0	PRE	4	1	 
                 1392	0	ACT0	4	1	 048d
                 1394	0	ACT1	4	1	 048d
                 1396	0	RD0	4	1	 17
                 1398	0	RD1	4	1	 17
                 1400	0	PRE	4	1	 
                 1402	0	ACT0	4	1	 048d
                 1404	0	ACT1	4	1	 048d
                 1406	0	RD0	4	1	 17
                 1408	0	RD1	4	1	 17
                 1410	0	PRE	4	1	 
                 1412	0	ACT0	4	1	 048d
                 1414	0	ACT1	4	1	 048d
                 1416	0	RD0	4	1	 17
                 1418	0	RD1	4	1	 17
                 1420	0	PRE	4	1	 
                 1422	0	ACT0	4	1	 048d
                 1424	0	ACT1	4	1	 048d
                 1426	0	RD0	4	1	 17
                 1428	0	RD1	4	1	 17
                 1430	0	PRE	4	1	 
                 1432	0	ACT0	4	1	 048d
                 1434	0	ACT1	4	1	 048d
                 1436	0	RD0	4	1	 17
                 1438	0	RD1	4	1	 17
                 1440	0	PRE	4	1	 
                 1442	0	ACT0	4	1	 048d
                 1444	0	ACT1	4	1	 048d
                 1446	0	RD0	4	1	 17
                 1448	0	RD1	4	1	 17
                 1450	0	PRE	4	1	 
                 1452	0	ACT0	4	1	 048d
                 1454	0	ACT1	4	1	 048d
                 1456	0	RD0	4	1	 17
                 1458	0	RD1	4	1	 17
                 1460	0	PRE	4	1	 
                 1462	0	ACT0	4	1	 048d
                 1464	0	ACT1	4	1	 048d
                 1466	0	RD0	4	1	 17
                 1468	0	RD1	4	1	 17
                 1470	0	PRE	4	1	 
                 1472	0	ACT0	4	1	 048d
                 1474	0	ACT1	4	1	 048d
                 1476	0	RD0	4	1	 17
                 1478	0	RD1	4	1	 17
                 1480	0	PRE	4	1	 
                 1482	0	ACT0	4	1	 048d
                 1484	0	ACT1	4	1	 048d
                 1486	0	RD0	4	1	 17
                 1488	0	RD1	4	1	 17
                 1490	0	PRE	4	1	 
                 1492	0	ACT0	4	1	 048d
                 1494	0	ACT1	4	1	 048d
                 1496	0	RD0	4	1	 17
                 1498	0	RD1	4	1	 17
                 1500	0	PRE	4	1	 
                 1502	0	ACT0	4	1	 048d
                 1504	0	ACT1	4	1	 048d
                 1506	0	RD0	4	1	 17
                 1508	0	RD1	4	1	 17
                 1510	0	PRE	4	1	 
                 1512	0	ACT0	4	1	 048d
                 1514	0	ACT1	4	1	 048d
                 1516	0	RD0	4	1	 17
                 1518	0	RD1	4	1	 17
                 1520	0	PRE	4	1	 
                 1522	0	ACT0	4	1	 048d
                 1524	0	ACT1	4	1	 048d
                 1526	0	RD0	4	1	 17
                 1528	0	RD1	4	1	 17
                 1530	0	PRE	4	1	 
                 1532	0	ACT0	4	1	 048d
                 1534	0	ACT1	4	1	 048d
                 1536	0	RD0	4	1	 17
                 1538	0	RD1	4	1	 17
                 1540	0	PRE	4	1	 
                 1542	0	ACT0	4	1	 048d
                 1544	0	ACT1	4	1	 048d
                 1546	0	RD0	4	1	 17
                 1548	0	RD1	4	1	 17
                 1550	0	PRE	4	1	 
                 1552	0	ACT0	4	1	 048d
                 1554	0	ACT1	4	1	 048d
                 1556	0	RD0	4	1	 17
                 1558	0	RD1	4	1	 17
                 1560	0	PRE	4	1	 
                 1562	0	ACT0	4	1	 048d
                 1564	0	ACT1	4	1	 048d
                 1566	0	RD0	4	1	 17
                 1568	0	RD1	4	1	 17
                 1570	0	PRE	4	1	 
                 1572	0	ACT0	4	1	 048d
                 1574	0	ACT1	4	1	 048d
                 1576	0	RD0	4	1	 17
                 1578	0	RD1	4	1	 17
                 1580	0	PRE	4	1	 
                 1582	0	ACT0	4	1	 048d
                 1584	0	ACT1	4	1	 048d
                 1586	0	RD0	4	1	 17
                 1588	0	RD1	4	1	 17
                 1590	0	PRE	4	1	 
                 1592	0	ACT0	4	1	 048d
                 1594	0	ACT1	4	1	 048d
                 1596	0	RD0	4	1	 17
                 1598	0	RD1	4	1	 17
                 1600	0	PRE	4	1	 
                 1602	0	ACT0	4	1	 048d
                 1604	0	ACT1	4	1	 048d
                 1606	0	RD0	4	1	 17
                 1608	0	RD1	4	1	 17
                 1610	0	PRE	4	1	 
                 1612	0	ACT0	4	1	 048d
                 1614	0	ACT1	4	1	 048d
                 1616	0	RD0	4	1	 17
                 1618	0	RD1	4	1	 17
                 1620	0	PRE	4	1	 
                 1622	0	ACT0	4	1	 048d
                 1624	0	ACT1	4	1	 048d
                 1626	0	RD0	4	1	 17
                 1628	0	RD1	4	1	 17
                 1630	0	PRE	4	1	 
                 1632	0	ACT0	4	1	 048d
                 1634	0	ACT1	4	1	 048d
                 1636	0	RD0	4	1	 17
                 1638	0	RD1	4	1	 17
                 1640	0	PRE	4	1	 
                 1642	0	ACT0	4	1	 048d
                 1644	0	ACT1	4	1	 048d
                 1646	0	RD0	4	1	 17
                 1648	0	RD1	4	1	 17
                 1650	0	PRE	4	1	 
                 1652	0	ACT0	4	1	 048d
                 1654	0	ACT1	4	1	 048d
                 1656	0	RD0	4	1	 17
                 1658	0	RD1	4	1	 17
                 1660	0	PRE	4	1	 
                 1662	0	ACT0	4	1	 048d
                 1664	0	ACT1	4	1	 048d
                 1666	0	RD0	4	1	 17
                 1668	0	RD1	4	1	 17
                 1670	0	PRE	4	1	 
                 1672	0	ACT0	4	1	 048d
                 1674	0	ACT1	4	1	 048d
                 1676	0	RD0	4	1	 17
                 1678	0	RD1	4	1	 17
                 1680	0	PRE	4	1	 
                 1682	0	ACT0	4	1	 048d
                 1684	0	ACT1	4	1	 048d
                 1686	0	RD0	4	1	 17
                 1688	0	RD1	4	1	 17
                 1690	0	PRE	4	1	 
                 1692	0	ACT0	4	1	 048d
                 1694	0	ACT1	4	1	 048d
                 1696	0	RD0	4	1	 17
                 1698	0	RD1	4	1	 17
                 1700	0	PRE	4	1	 
                 1702	0	ACT0	4	1	 048d
                 1704	0	ACT1	4	1	 048d
                 1706	0	RD0	4	1	 17
                 1708	0	RD1	4	1	 17
                 1710	0	PRE	4	1	 
                 1712	0	ACT0	4	1	 048d
                 1714	0	ACT1	4	1	 048d
                 1716	0	RD0	4	1	 17
                 1718	0	RD1	4	1	 17
                 1720	0	PRE	4	1	 
                 1722	0	ACT0	4	1	 048d
                 1724	0	ACT1	4	1	 048d
                 1726	0	RD0	4	1	 17
                 1728	0	RD1	4	1	 17
                 1730	0	PRE	4	1	 
                 1732	0	ACT0	4	1	 048d
                 1734	0	ACT1	4	1	 048d
                 1736	0	RD0	4	1	 17
                 1738	0	RD1	4	1	 17
                 1740	0	PRE	4	1	 
                 1742	0	ACT0	4	1	 048d
                 1744	0	ACT1	4	1	 048d
                 1746	0	RD0	4	1	 17
                 1748	0	RD1	4	1	 17
                 1750	0	PRE	4	1	 
                 1752	0	ACT0	4	1	 048d
                 1754	0	ACT1	4	1	 048d
                 1756	0	RD0	4	1	 17
                 1758	0	RD1	4	1	 17
                 1760	0	PRE	4	1	 
                 1762	0	ACT0	4	1	 048d
                 1764	0	ACT1	4	1	 048d
                 1766	0	RD0	4	1	 17
                 1768	0	RD1	4	1	 17
                 1770	0	PRE	4	1	 
                 1772	0	ACT0	4	1	 048d
                 1774	0	ACT1	4	1	 048d
                 1776	0	RD0	4	1	 17
                 1778	0	RD1	4	1	 17
                 1780	0	PRE	4	1	 
                 1782	0	ACT0	4	1	 048d
                 1784	0	ACT1	4	1	 048d
                 1786	0	RD0	4	1	 17
                 1788	0	RD1	4	1	 17
                 1790	0	PRE	4	1	 
                 1792	0	ACT0	4	1	 048d
                 1794	0	ACT1	4	1	 048d
                 1796	0	RD0	4	1	 17
                 1798	0	RD1	4	1	 17
                 1800	0	PRE	4	1	 
                 1802	0	ACT0	4	1	 048d
                 1804	0	ACT1	4	1	 048d
                 1806	0	RD0	4	1	 17
                 1808	0	RD1	4	1	 17
                 1810	0	PRE	4	1	 
                 1812	0	ACT0	4	1	 048d
                 1814	0	ACT1	4	1	 048d
                 1816	0	RD0	4	1	 17
                 1818	0	RD1	4	1	 17
                 1820	0	PRE	4	1	 
                 1822	0	ACT0	4	1	 048d
                 1824	0	ACT1	4	1	 048d
                 1826	0	RD0	4	1	 17
                 1828	0	RD1	4	1	 17
                 1830	0	PRE	4	1	 
                 1832	0	ACT0	4	1	 048d
                 1834	0	ACT1	4	1	 048d
                 1836	0	RD0	4	1	 17
                 1838	0	RD1	4	1	 17
                 1840	0	PRE	4	1	 
                 1842	0	ACT0	4	1	 048d
                 1844	0	ACT1	4	1	 048d
                 1846	0	RD0	4	1	 17
                 1848	0	RD1	4	1	 17
                 1850	0	PRE	4	1	 
                 1852	0	ACT0	4	1	 048d
                 1854	0	ACT1	4	1	 048d
                 1856	0	RD0	4	1	 17
                 1858	0	RD1	4	1	 17
                 1860	0	PRE	4	1	 
                 1862	0	ACT0	4	1	 048d
                 1864	0	ACT1	4	1	 048d
                 1866	0	RD0	4	1	 17
                 1868	0	RD1	4	1	 17
                 1870	0	PRE	4	1	 
                 1872	0	ACT0	4	1	 048d
                 1874	0	ACT1	4	1	 048d
                 1876	0	RD0	4	1	 17
                 1878	0	RD1	4	1	 17
                 1880	0	PRE	4	1	 
                 1882	0	ACT0	4	1	 048d
                 1884	0	ACT1	4	1	 048d
                 1886	0	RD0	4	1	 17
                 1888	0	RD1	4	1	 17
                 1890	0	PRE	4	1	 
                 1892	0	ACT0	4	1	 048d
                 1894	0	ACT1	4	1	 048d
                 1896	0	RD0	4	1	 17
                 1898	0	RD1	4	1	 17
                 1900	0	PRE	4	1	 
                 1902	0	ACT0	4	1	 048d
                 1904	0	ACT1	4	1	 048d
                 1906	0	RD0	4	1	 17
                 1908	0	RD1	4	1	 17
                 1910	0	PRE	4	1	 
                 1912	0	ACT0	4	1	 048d
                 1914	0	ACT1	4	1	 048d
                 1916	0	RD0	4	1	 17
                 1918	0	RD1	4	1	 17
                 1920	0	PRE	4	1	 
                 1922	0	ACT0	4	1	 048d
                 1924	0	ACT1	4	1	 048d
                 1926	0	RD0	4	1	 17
                 1928	0	RD1	4	1	 17
                 1930	0	PRE	4	1	 
                 1932	0	ACT0	4	1	 048d
                 1934	0	ACT1	4	1	 048d
                 1936	0	RD0	4	1	 17
                 1938	0	RD1	4	1	 17
                 1940	0	PRE	4	1	 
                 1942	0	ACT0	4	1	 048d
